episod,total_reward,z_pos
1,-51.92744228890741,0.0
2,-51.86614180711689,0.0
3,-49.17327716972541,0.0
4,-14.28218696898833,1.8183702246522642
5,-53.30270434560793,0.0
6,-60.997833280802354,0.0
7,-61.62511888604367,0.0
8,-34.93481509886749,0.0
9,250.57388877305317,100.80177954800924
10,217.66402078672968,103.05674516575954
11,251.54035600684216,133.37315448653052
12,251.54064814654524,135.52186479493372
13,251.5404707767954,131.79045916928166
14,251.54064906961432,139.0615920991825
15,251.54130241222765,136.08014689137553
16,251.54167701906405,116.49931573763179
17,251.54148826178096,152.5409636369395
18,251.54161196891954,137.65617774818938
19,251.54172612525986,144.4075931731866
20,251.5421722751376,139.08780051719853
21,251.5419617457547,132.79969201333577
22,251.54212435490996,138.07861861030105
23,230.54179970873173,300.0
24,250.14147346986468,108.4221263429274
25,212.5420953506723,300.0
26,251.54194856321863,129.7091581834533
27,251.54219669405305,138.63310715708025
28,251.54219920206094,126.19393482544328
29,236.5420242951443,300.0
30,251.5421507392585,139.97969280708807
31,251.54200201140657,143.47334416946427
32,251.54226089212824,129.51289152696646
33,251.54184749659169,167.81105995401506
34,251.5424826429206,130.0140157980563
35,251.54197788423295,138.3438653908021
36,251.54200108868986,147.92811064205713
37,251.54195660790816,137.90891333042163
38,251.54220467676788,138.98572521230287
39,251.54209444191076,137.63775730435282
40,251.54219188222694,117.37404168003964
41,251.54241465486558,144.46588977442693
42,251.54227585506152,156.4269722668712
43,251.5422387307858,144.36876527005526
44,251.54213531167292,137.97937274069457
45,251.54217267308928,143.86862835035785
46,251.54226508093913,119.34752810075477
47,153.6880211716774,70.64004506047984
48,-62.24981304222565,0.0
49,-62.33749566592881,0.0
50,-62.20914811577408,0.0
51,-62.469556446173385,0.0
52,-62.34856434564351,0.0
53,-62.346688021488134,0.0
54,-62.46262858024936,0.0
55,-62.343656469599864,0.0
56,-62.39907707073803,0.0
57,-62.345040780707265,0.0
58,-62.393848622913566,0.0
59,-62.44528254590604,0.0
60,-62.39590936827181,0.0
61,-62.470061690631276,0.0
62,-62.391778311611304,0.0
63,-62.30376723495255,0.0
64,-59.62464760897373,0.0
65,-62.34489539003112,0.0
66,-62.33120655189406,0.0
67,-62.42749457834846,0.0
68,-62.300303602999456,0.0
69,-62.308920693578806,0.0
70,-62.41204638745918,0.0
71,-62.44375734041549,0.0
72,-62.260016714529954,0.0
73,-62.44286002930784,0.0
74,-62.26348102348724,0.0
75,-62.40361308244162,0.0
76,-62.44262915092477,0.0
77,-62.22244971827772,0.0
78,-62.50700756200327,0.0
79,-62.38119153723513,0.0
80,-62.346173751699695,0.0
81,-62.467579367594865,0.0
82,-62.3918008300209,0.0
83,-62.532031018193905,0.0
84,-62.27654623566989,0.0
85,-62.41445013020196,0.0
86,-62.33389320166478,0.0
87,-62.41827721671238,0.0
88,-62.19625406166929,0.0
89,-62.43677548483387,0.0
90,-62.345396756824826,0.0
91,-62.513355893510244,0.0
92,-62.324280129630765,0.0
93,-59.5994097161688,0.0
94,-62.424545479480216,0.0
95,-62.379971046971875,0.0
96,-62.42993907899729,0.0
97,-62.26792845450866,0.0
98,-62.27273967256184,0.0
99,-62.35804572860388,0.0
100,-62.467130617872506,0.0
101,-62.47976234621666,0.0
102,-62.23100683368095,0.0
103,-62.29324327585078,0.0
104,-62.42271936578959,0.0
105,-62.33840481862788,0.0
106,-62.412553820311004,0.0
107,-62.30021675460834,0.0
108,-62.48451492103692,0.0
109,-59.60951855313941,0.0
110,-62.39672589714864,0.0
111,-62.34717251891319,0.0
112,-62.373967642901725,0.0
113,-62.482928851510124,0.0
114,-62.45369874795635,0.0
115,-62.34577417490093,0.0
116,-62.49365853386032,0.0
117,-62.47102815385084,0.0
118,-62.41887605448417,0.0
119,-62.39007287804052,0.0
120,-62.368636477739685,0.0
121,-62.43373395596369,0.0
122,-62.515983856770426,0.0
123,-62.088948251954704,0.0
124,-62.48467895600902,0.0
125,-62.50543406824911,0.0
126,-62.37089841101882,0.0
127,-62.516498932829975,0.0
128,-62.24233982247643,0.0
129,-62.2710995433215,0.0
130,-62.381577168874415,0.0
131,-62.37064594680726,0.0
132,-62.33098652596978,0.0
133,-62.31358880980137,0.0
134,-62.40632425537674,0.0
135,-62.224783571737134,0.0
136,-62.17499993919719,0.0
137,-62.60874512045915,0.0
138,-62.36885954269235,0.0
139,-62.3603115929853,0.0
140,-62.28198890842273,0.0
141,-62.41882883742258,0.0
142,-62.28267054220241,0.0
143,-62.533251240827134,0.0
144,-62.3565513181305,0.0
145,-62.389149565715556,0.0
146,-62.34104267382386,0.0
147,-62.5010924767152,0.0
148,-62.51511591153216,0.0
149,-62.34334279364788,0.0
150,-62.33443461390979,0.0
151,-62.52559734692912,0.0
152,-62.488955301789865,0.0
153,-62.375453796284845,0.0
154,-62.25295237285417,0.0
155,-62.24862442790994,0.0
156,-62.40303362611168,0.0
157,-62.37365709457827,0.0
158,-62.2918338120585,0.0
159,-62.422791548556745,0.0
160,-62.24991694108546,0.0
161,-62.156052036456174,0.0
162,-62.39246111105747,0.0
163,-62.62859591476526,0.0
164,-62.39497191389358,0.0
165,-62.29181430388444,0.0
166,-59.599822185811654,0.0
167,-62.34427405896105,0.0
168,-62.501156705448665,0.0
169,-62.37398286611859,0.0
170,-62.38652521753716,0.0
171,-62.38213596610914,0.0
172,-62.51090949955989,0.0
173,-62.44890852751078,0.0
174,-62.37304686894694,0.0
175,-62.26718915937442,0.0
176,-62.31394585053587,0.0
177,-62.31238029192206,0.0
178,-62.351718679844794,0.0
179,-62.27623766174171,0.0
180,-62.48074329723152,0.0
181,-62.49590371345272,0.0
182,-62.370779953607666,0.0
183,-62.38627166675177,0.0
184,-62.30139114489164,0.0
185,-62.400948565001045,0.0
186,-62.4971104567457,0.0
187,-62.43387870606342,0.0
188,-62.297963697221064,0.0
189,-62.447121879747215,0.0
190,-62.35068403853026,0.0
191,-62.33349863884549,0.0
192,-62.65303402197592,0.0
193,-62.557576735190395,0.0
194,-62.55450840357882,0.0
195,-62.279036142138516,0.0
196,-62.380447437983115,0.0
197,-62.46655039873952,0.0
198,-62.35313160758137,0.0
199,-62.366698191984554,0.0
200,-62.49051926298461,0.0
201,-62.43239284214687,0.0
202,-62.166955899019,0.0
203,-62.328686176207846,0.0
204,-62.24093597010959,0.0
205,-62.56567381323932,0.0
206,-62.29781732461775,0.0
207,-62.3030623262974,0.0
208,-62.39482178876386,0.0
209,-62.24924440282285,0.0
210,-62.26336420346168,0.0
211,-62.37613856173729,0.0
212,-62.34569844119515,0.0
213,-62.50077277561366,0.0
214,-62.280466186016724,0.0
215,-62.461767467849334,0.0
216,-62.27567049263821,0.0
217,-62.3458489802916,0.0
218,-62.361182461332525,0.0
219,-62.43877981346603,0.0
220,-62.29361484562555,0.0
221,-62.30358780391749,0.0
222,-62.391108546961185,0.0
223,-62.66701648069837,0.0
224,-62.39824649846379,0.0
225,-62.34687842160763,0.0
226,-62.274805479738866,0.0
227,-62.50305839494879,0.0
228,-62.550934919261145,0.0
229,-62.30665961826479,0.0
230,-62.37386711286247,0.0
231,-62.401968982883965,0.0
232,-62.37287347674052,0.0
233,-62.24179700372703,0.0
234,-62.36690525286497,0.0
235,-62.38295066135686,0.0
236,-62.531451334104034,0.0
237,-62.46500368550578,0.0
238,-62.45244988965517,0.0
239,-62.22665503107574,0.0
240,-62.426610789827905,0.0
241,-62.567818233011124,0.0
242,-62.244007559080686,0.0
243,-62.340387607262954,0.0
244,-62.269039976547006,0.0
245,-62.36393831066545,0.0
246,-62.31679374793,0.0
247,-62.17711972640465,0.0
248,-62.41043331347266,0.0
249,-62.4019525662348,0.0
250,-62.36172809348362,0.0
251,-62.38824614504306,0.0
252,-62.32829506742173,0.0
253,-62.31786862711154,0.0
254,-62.26495648164112,0.0
255,-62.255891308756034,0.0
256,-62.4753736933776,0.0
257,-62.19046718551871,0.0
258,-62.21954836694762,0.0
259,-62.31831671878647,0.0
260,-62.23308104368071,0.0
261,-62.42690774230005,0.0
262,-62.28248534546872,0.0
263,-62.15215680449411,0.0
264,-62.32587219933301,0.0
265,-62.207255518939064,0.0
266,-62.40896097281946,0.0
267,-62.444327840063764,0.0
268,-62.35257662849971,0.0
269,-62.34598491104599,0.0
270,-62.326910017445826,0.0
271,-62.39045032611257,0.0
272,-62.16887316799566,0.0
273,-62.4163213541269,0.0
274,-62.320172380208355,0.0
275,-62.518101050715885,0.0
276,-62.25475382398626,0.0
277,-62.299953161760975,0.0
278,-62.523575412465675,0.0
279,-62.31296888697689,0.0
280,-62.35316191452814,0.0
281,-62.48090934327628,0.0
282,-62.35047414975624,0.0
283,-62.33754419499492,0.0
284,-62.176709915041485,0.0
285,-62.369283373762826,0.0
286,-62.48310077846421,0.0
287,-62.34840301246938,0.0
288,-62.36939692944782,0.0
289,-62.315296057892276,0.0
290,-62.28281959328916,0.0
291,-62.353926419034984,0.0
292,-62.154502993123195,0.0
293,-62.277160672742355,0.0
294,-62.27416561518328,0.0
295,-62.42639713637736,0.0
296,-62.28842103224094,0.0
297,-62.29128075896863,0.0
298,-62.371592291808014,0.0
299,-62.46743512063019,0.0
300,-62.253370094450275,0.0
301,-62.36294609167629,0.0
302,-62.22611581761228,0.0
303,-62.35050635118028,0.0
304,-62.45902568129826,0.0
305,-62.165794620483226,0.0
306,-62.2780095892368,0.0
307,-62.3117402171868,0.0
308,-62.31964679599062,0.0
309,-62.37882594985811,0.0
310,-62.22444025188981,0.0
311,-62.548879778721044,0.0
312,-62.31735716267933,0.0
313,-62.51614564673319,0.0
314,-62.413930411773656,0.0
315,-62.230329042310004,0.0
316,-62.100111070175515,0.0
317,-62.20977633340331,0.0
318,-62.4650207367536,0.0
319,-62.383793472378024,0.0
320,-62.31283823510237,0.0
321,-62.455076051174274,0.0
322,-62.3705878816229,0.0
323,-62.479737426194106,0.0
324,-62.398168973991915,0.0
325,-62.58693083825353,0.0
326,-62.42394570731862,0.0
327,-62.34412156632477,0.0
328,-62.43543558962773,0.0
329,-62.46226768917504,0.0
330,-62.32614061208023,0.0
331,-62.29460153483072,0.0
332,-62.31915908150701,0.0
333,-62.63486674125579,0.0
334,-62.338385749428156,0.0
335,-62.369699359765555,0.0
336,-62.25736392429839,0.0
337,-62.30084647401259,0.0
338,-62.391952299164785,0.0
339,-59.553490095373384,0.0
340,-62.37202647613764,0.0
341,-62.413953003594955,0.0
342,-62.41304757933531,0.0
343,-62.243542533135276,0.0
344,-62.47961193366935,0.0
345,-62.41751442585176,0.0
346,-62.44372640467624,0.0
347,-62.29046547275966,0.0
348,-62.308754340606114,0.0
349,-62.34625953117199,0.0
350,-62.298159152011806,0.0
351,-62.526585876000006,0.0
352,-62.394662655696486,0.0
353,-62.34331651537519,0.0
354,-62.29049406239868,0.0
355,-62.38159107756904,0.0
356,-62.36778525416891,0.0
357,-62.02034736147331,0.0
358,-62.28212379117042,0.0
359,-62.30199801422594,0.0
360,-62.30947823634898,0.0
361,-62.544748918511466,0.0
362,-62.28754710422172,0.0
363,-62.214136637805005,0.0
364,-62.46311931466327,0.0
365,-62.34979192635633,0.0
366,-62.48795973992559,0.0
367,-62.581010779182556,0.0
368,-62.535463652552195,0.0
369,-62.502846313583795,0.0
370,-62.347404748732316,0.0
371,-62.31807498947351,0.0
372,-62.144438363658686,0.0
373,-62.470182736752236,0.0
374,-62.32965778133443,0.0
375,-62.40162349365017,0.0
376,-62.30713577061127,0.0
377,-62.353184488587694,0.0
378,-62.361204610729374,0.0
379,-62.17591705724523,0.0
380,-62.46810619492219,0.0
381,-62.35550730861627,0.0
382,-62.30686087852767,0.0
383,-62.57158797850497,0.0
384,-62.438755221611906,0.0
385,-62.34243612300195,0.0
386,-62.43538516135189,0.0
387,-62.465634539373326,0.0
388,-62.39749827827133,0.0
389,-62.41332781845752,0.0
390,-62.42718401549476,0.0
391,-62.27473570905956,0.0
392,-62.34250559750569,0.0
393,-62.170522006318905,0.0
394,-62.26461653639144,0.0
395,-62.40127553361967,0.0
396,-62.42512188924041,0.0
397,-62.38063301420962,0.0
398,-62.53612296035711,0.0
399,-62.13683732108312,0.0
400,-62.27961162383445,0.0
401,-62.45022599599104,0.0
402,-62.375381245446185,0.0
403,-62.40735874864385,0.0
404,-62.30497713327584,0.0
405,-62.42683590689386,0.0
406,-62.30283287869778,0.0
407,-62.26277976841219,0.0
408,-62.378158845726965,0.0
409,-62.39609077023185,0.0
410,-62.23752463117674,0.0
411,-62.21521940966349,0.0
412,-62.41080791456949,0.0
413,-62.29435081392792,0.0
414,-62.38305459248895,0.0
415,-62.41771386414393,0.0
416,-62.26482504925337,0.0
417,-62.30765532769936,0.0
418,-62.4107361831255,0.0
419,-62.267797813273354,0.0
420,-62.4691021632283,0.0
421,-62.27487670601285,0.0
422,-62.477947635957364,0.0
423,-62.2974167893249,0.0
424,-62.415009578879825,0.0
425,-62.18583902219021,0.0
426,-62.42363630297341,0.0
427,-62.50119528653121,0.0
428,-62.42202118501566,0.0
429,-62.43473356965531,0.0
430,-62.38576310323111,0.0
431,-62.36071605498131,0.0
432,-62.169741664798266,0.0
433,-59.65463241215843,0.0
434,-62.31517071247998,0.0
435,-62.5969704162036,0.0
436,-62.457987693703075,0.0
437,-62.448282133741706,0.0
438,-62.30517735449134,0.0
439,-62.491207970546384,0.0
440,-62.473680157369365,0.0
441,-62.32862706563174,0.0
442,-62.30823047397419,0.0
443,-62.37700952103551,0.0
444,-62.25773436228046,0.0
445,-62.308817758668084,0.0
446,-62.25340623259811,0.0
447,-62.349156365541,0.0
448,-62.13840039949122,0.0
449,-62.44636833881972,0.0
450,-62.0861534578114,0.0
451,-62.16204384387301,0.0
452,-62.3220212841984,0.0
453,-62.490474887194246,0.0
454,-62.485679892023676,0.0
455,-62.130037377748295,0.0
456,-62.273004922612365,0.0
457,-62.3311816420902,0.0
458,-3.4809511453519995,9.62021985628639
459,241.89553259289409,37.17272742963299
460,241.7049567399907,36.80385460374274
461,241.23215112597984,36.321208652129194
462,241.6852161434444,37.048543682242936
463,242.33973287056025,37.32210687674692
464,242.08342865128944,37.16392246651041
465,241.2825706913433,36.93883648972859
466,241.32449405853157,36.82404868910919
467,241.64234581134644,36.80553052566751
468,242.0783255508168,37.2130020872974
469,241.51171893774384,36.91194764806891
470,241.4895766056075,37.0431907164982
471,241.58595606274216,36.83823893254098
472,241.65973176246737,36.873198654733216
473,242.10392971540668,37.24226320741379
474,242.02491884905277,36.94462234909939
475,241.47024316448682,35.91072046073213
476,241.9283986424415,37.17413712881783
477,241.83845773106103,37.14684344539148
478,241.9686325818857,36.92969974502625
479,241.6652112536246,36.47324987415829
480,241.9498679598686,37.140659342764906
481,241.7189375559718,36.71708938066027
482,241.39997998084786,36.96467445090956
483,241.38353188516635,36.9579564144764
484,241.5872551757344,36.82478645108868
485,241.38294609801898,36.89610672377485
486,241.68629625527524,36.867708765971145
487,241.9374689522215,37.15460592550654
488,241.34359003793946,36.957949422722635
489,241.84199988020987,36.77771861137584
490,241.91341034344612,37.149107494709995
491,241.40804335947357,36.999192343372854
492,241.27243226397343,36.51772990527902
493,241.97460151490426,36.93646441217255
494,241.60255809361462,36.997143555140674
495,242.39678251328942,37.022177282509176
496,242.13028697724488,36.73480015633026
497,241.41406285234362,37.03445494197809
498,241.88358644744176,36.62654496358389
499,241.91955184665466,35.53721245067085
500,241.59637108645543,37.02905809598942
501,241.41457058210682,37.017081756604384
502,241.69883844138238,37.09163839853365
503,241.51824490769172,36.13187007978526
504,242.00213911819526,37.18957802038859
505,242.04569897016785,37.05745491554794
506,241.96460744679493,37.08643733374809
507,242.20004220191154,37.13665084010735
508,241.6544411542403,36.95796695929454
509,241.14962805305132,36.85266191365179
510,241.7553034372057,37.14490989033143
511,241.04097141828854,36.91925063183314
512,241.32335962233984,36.976850011980765
513,240.90604694299526,36.662805439179905
514,241.3384211512326,36.62599126233547
515,241.69956905820246,36.959043486761956
516,241.77883757610317,37.12151311850234
517,242.0077544907838,37.16295254296873
518,242.04079750616697,37.084727659534735
519,241.88541146297325,37.134060566459965
520,241.7471061477843,37.11847212782528
521,241.9984026152351,36.54926951722709
522,241.31691908222834,37.0352258935786
523,242.28611930886314,37.27431399062194
524,241.5485713355519,36.937440771204244
525,241.3660478667249,36.94838314260282
526,241.62341260172786,36.72309210245063
527,242.12374727891253,36.974049858045014
528,241.49974980254711,36.54221169042509
529,241.59899276740154,36.87964646300171
530,241.99575436939224,36.86277076281588
531,241.54707954338045,37.139318832946735
532,241.1483662787339,36.95225514205712
533,241.54671220511415,36.99157656770607
534,241.80744525714272,37.093454972423494
535,241.92636496226694,37.141915990771096
536,241.47277630316782,36.786034137509304
537,241.93174624939786,37.173890779464145
538,241.88042921960243,36.96197431953932
539,241.7263547463584,36.63173922149495
540,241.56438620521982,36.78549949251065
541,241.8573869314218,36.83933271180787
542,241.91633271100395,36.90658229677481
543,241.50021009236727,36.66648318197371
544,241.57902261415794,36.996880429146394
545,241.75694149115455,37.04556841637198
546,242.00520819284802,36.869373605153996
547,241.5680183032811,36.95104619351448
548,241.69986557870536,36.910124270533565
549,242.33594287684875,37.13970066827351
550,241.67186248879793,36.72155410695459
551,241.94979405129678,37.20256571862128
552,241.8927810976558,37.20482729841759
553,241.59434117533667,36.819474484448975
554,242.00357133435435,37.20054167637702
555,241.84385230701182,37.063389793004795
556,241.6792681442159,37.08336085629333
557,242.19565239878594,37.11436975643366
558,242.34845011619672,37.26704522910949
559,242.01821845067536,37.07106080553492
560,241.8970963572477,37.05563029969687
561,241.96971114129883,37.156487244870064
562,241.22839540542967,36.949049890548075
563,241.88959168466488,36.996705655812264
564,242.360466386204,37.30134088093461
565,241.74178884423802,37.00546916195141
566,241.44772151000942,36.993189512469336
567,242.17448079664592,37.28592905330522
568,242.1584725653981,36.99840450577668
569,241.9307342501942,36.72617855893594
570,242.00713041065194,37.199989849468444
571,241.68914768168693,37.10238498595934
572,241.94387058638074,36.45474329503387
573,241.86957772724654,37.157029755660076
574,241.90739562165695,37.04692383618861
575,242.28446778887616,37.249246842593436
576,241.5886565918361,36.23332674281334
577,241.63005085070816,37.159372442175275
578,241.41447076347092,36.88740596888972
579,242.5978549598578,37.32151331124968
580,241.5043771525324,37.04990767066628
581,241.70782847291736,36.8691784880238
582,242.11024294469433,37.242709979578976
583,241.41004687374337,36.59770595829638
584,241.84934505472674,36.62983215004891
585,241.66330807916503,36.51278305558768
586,241.7378405545488,36.80867230631994
587,242.4427731627218,37.22214107180735
588,241.7650509679981,37.08460171351191
589,242.0768993755654,37.16956382485333
590,241.61612643228523,36.76578710401175
591,241.78268788005056,36.96195071058922
592,241.82078542667625,37.03113118905461
593,241.76643958079208,36.77167763999781
594,242.17263858153797,37.042873327101134
595,242.0992750351547,36.94293574871117
596,241.64720726446964,35.73866971886084
597,241.58293221265072,37.01441037011924
598,241.75200278052642,36.91729165629135
599,241.73381557869567,37.09890818122938
600,241.8878487546782,37.08776396906195
601,241.46424540183418,36.75352868241709
602,241.45139257323072,37.00508525514539
603,241.50809041810777,37.05416912371047
604,242.14519431840895,37.03496632178676
605,241.81537056267342,36.32326344618309
606,242.27460919343554,37.20369371354212
607,241.86282319287685,36.95473453188639
608,241.71671914634263,36.96631645638782
609,241.08608081347208,36.84548920750364
610,241.33641551576886,37.024144914869154
611,241.8492281509257,37.13718215264602
612,241.85088870707315,37.15406061132267
613,240.94959356492217,36.708896551698096
614,242.31674463166894,37.30443037074826
615,241.83885465562358,37.14541292972271
616,241.24112489705672,36.870225505032394
617,242.00040231788194,36.48570443201192
618,241.06910143969782,36.79827027959737
619,242.1288483884246,37.22350134135642
620,241.56649613257377,37.00949711238443
621,242.013754697365,37.14819614219293
622,241.34956305879993,36.92900657902388
623,241.4612084288051,36.595404305436965
624,241.35503412428264,36.89789552959964
625,241.4239114926232,37.010759011914956
626,241.81857398331593,37.14636357403703
627,241.74882427949342,37.03556777811861
628,242.1757301836773,37.21836429818671
629,241.9876951514646,36.92365493191428
630,241.27397594141607,36.8451486135888
631,241.67313040164933,36.233639819321716
632,242.0520994860721,37.0949339459941
633,241.60672018292883,36.52715740634815
634,242.1726619566495,36.91496080348812
635,241.5261482688734,36.007922475414745
636,242.37853342447127,36.93055712603313
637,241.59360504968393,37.02190302974532
638,241.99148707681596,37.24828281685846
639,241.4970526310497,37.07310872286348
640,242.2701890908579,36.82799123642707
641,241.1067516638762,36.756209043872275
642,241.57417924632074,37.00230547753492
643,241.50564083195798,37.07504059981828
644,241.93159611808406,37.19765605936621
645,242.03172622175083,37.22501202156581
646,241.46092797662757,36.14370086384252
647,241.60765084070476,36.94600428511949
648,241.3640028119175,36.823174552981556
649,241.86579016041708,37.07624746181087
650,242.08676310586154,37.017778770194965
651,241.75557536055206,37.12081683094545
652,241.854362417953,37.11203972634144
653,242.22841187866615,36.81655100802665
654,241.66101060600081,36.935856865049246
655,241.94468637218137,37.1800301790178
656,241.3286165159145,37.0351558799602
657,241.55069013418694,36.98046826558389
658,242.17607520177404,37.0003764558277
659,241.90802397222225,37.15236650714116
660,241.65755685698485,37.12635156961267
661,241.55142831622322,36.91599433380193
662,242.18051867895375,37.187718562330744
663,241.71498082841606,37.0549875601659
664,242.0371614863379,37.161274294437035
665,241.9018427402894,37.16664373770064
666,241.75754084227947,36.99202063540575
667,241.09918765466696,36.49422692230212
668,241.81625876914052,36.40531015380388
669,242.4784131643677,37.369328216526654
670,241.8745628782524,36.97867215131475
671,242.12833574858007,37.150516206148865
672,241.31335448332436,37.01085851152947
673,242.04062781802665,36.96247985462963
674,241.35876528969936,36.99843219661325
675,242.04852178838922,37.215233802801734
676,241.77029676655522,37.024806776015836
677,242.11307057331882,37.059912335005194
678,241.62840332695617,37.05545118995739
679,242.07962447728167,37.199729648964485
680,241.32804496462407,36.92288365562164
681,241.86621786013868,37.13814567024902
682,241.38564041039106,35.719498610594236
683,241.12385574810693,36.394675105141474
684,241.8130271299134,37.14784619482869
685,241.72441741720323,37.160218343969895
686,241.22963684292932,36.94689687147015
687,242.04555977941993,37.27493622496251
688,241.96323307996175,36.58559064461224
689,241.5177451121168,37.05330571766881
690,241.72173483638872,37.03260527397142
691,241.89781066667285,36.91484375369386
692,242.3015366258163,37.200747340345046
693,241.55759549408793,36.88685405029996
694,241.87584817673508,37.09131125513196
695,241.798488895347,37.17134165746595
696,241.849734707074,37.14109152304609
697,241.84200862694797,36.90071547276588
698,241.99730711718553,37.12831216034643
699,241.7456571348557,36.88009996191677
700,241.60112793811476,37.05439116788769
701,241.68537797281365,36.98695290111801
702,241.58375976538508,37.09461593723218
703,242.1113564888721,36.23488442794349
704,241.96438803291417,37.09376285543587
705,241.72984893440884,36.64179307894861
706,241.53617708746205,36.82192301414711
707,241.57851520486582,37.10153431871555
708,241.51540068000307,37.07286280656638
709,242.4200108678313,36.87201118325606
710,242.1617328304244,37.23350076725327
711,241.61523390508424,37.05814948983904
712,241.5385070520305,37.031995703427775
713,241.53692731163866,36.662304571344315
714,241.50218285495532,37.019881789523225
715,241.67482178323795,36.65146471917469
716,242.09138218425775,37.23478282193824
717,241.64198878730735,37.04593313831643
718,242.09702109548866,37.19770098860448
719,241.80880611772417,37.13369251152756
720,241.85842889858318,36.61830760297407
721,241.96611143239892,37.115287551019115
722,241.53108323388943,36.71230507870313
723,241.88061817459055,37.09134533826524
724,241.66515501192546,37.010947699563594
725,241.50301099920893,36.966253490462606
726,242.12316949271502,37.23992892579656
727,241.81485611541675,37.10428050422882
728,241.88972917791787,36.97460108049689
729,241.95044260120454,37.195248817979305
730,241.9894436858073,37.134906824816284
731,241.98555768718546,37.114597917657306
732,241.59979686746598,37.100996323555286
733,241.98624193491227,37.13872828982898
734,241.65726951777742,37.116855656583574
735,241.1915101710284,36.81862655047517
736,241.55827463467128,36.9037934815127
737,242.11190183820696,37.230610337020536
738,241.52379061900984,37.06224982151307
739,241.01476802892242,36.8478768238842
740,242.0032848516496,36.960791850533866
741,241.96534436156452,37.201763865858176
742,242.30892706769524,37.21618151806508
743,241.48284419149795,36.356147825052425
744,241.76058358505048,37.06901277133218
745,240.71429129042664,36.45906770452344
746,242.01710641443378,37.13372721648216
747,242.14520184489407,37.24328762360971
748,241.89216067939927,37.098083681934774
749,241.75217902971218,36.85202458431999
750,241.52049660680004,37.038043706859746
751,242.37364629534434,37.27021039740903
752,241.67076291856304,37.08578732650268
753,241.24795849282086,36.8763119107272
754,241.7788410138034,37.033686103741765
755,242.06131794214343,36.92823162440261
756,241.46218911741602,36.98954257024207
757,242.08320031484098,37.16728473588117
758,241.5544126237876,36.85907570690739
759,241.49203731550685,37.08686114124977
760,241.75407591813547,37.08811783756915
761,241.48316344404682,36.91105494344561
762,241.68502611535664,36.9791341077615
763,241.74492420160593,37.014421331347464
764,242.06654805985147,37.26751473716896
765,242.40700600448966,37.28426936144425
766,241.56661162807444,36.445456532165046
767,241.37115420563464,36.94954221284312
768,241.75817657238534,36.72686727433931
769,241.45416935072257,36.652437618184976
770,241.9742933002474,36.95602214047788
771,241.2596058437033,36.92014039044637
772,241.65814202917664,36.96889304137365
773,241.80760917517225,37.114014704723736
774,241.39473607912922,36.954768719209916
775,241.61851851164266,37.062851374118274
776,242.13966873363955,37.17245236544668
777,241.61102854658665,37.01226421259992
778,241.57564958414324,37.04753893832614
779,241.21135526984568,34.38020398422191
780,241.08064541997305,36.86377356399858
781,241.48887227557987,37.02993998895146
782,242.23352534215667,37.251701537533386
783,242.198805427806,37.15986076168609
784,241.29898080038774,36.97929181202961
785,241.1241232653302,36.962334649233476
786,241.47029864966368,36.480999673579376
787,242.123168923954,37.25403862994447
788,242.09097703393178,37.01598008228462
789,241.70913176929648,37.12390555825981
790,241.6665059968012,36.740074126105064
791,241.63510491068342,36.92512667753153
792,241.76409385928747,37.137750760075235
793,242.1191188504762,37.25012315955368
794,242.14428254424695,37.22584011895228
795,242.10311255695325,37.22694423906578
796,242.2295985298426,36.71036534702323
797,241.9881663808132,36.582438769621106
798,241.77426815144173,36.944351617946246
799,241.81242441570652,37.08271754555852
800,241.87211819444585,37.158869978642066
801,241.66093575438236,36.6741124310564
802,241.83936636052115,37.147107655315054
803,241.24139668639523,36.340164922142186
804,241.87654915528398,37.0062502912761
805,241.91966960175634,37.07330395972242
806,241.52514129810567,36.78185637365511
807,241.7735742833329,36.77483725046093
808,242.02774786147327,37.148053062062075
809,241.81847353155652,37.15583133034549
810,241.84533244736912,36.90322435685701
811,241.77229706258822,37.08726531017324
812,242.07197011003436,37.187034911218
813,241.05089233198362,36.87331900531749
814,240.84077154272055,36.44683638342713
815,241.5011783890786,37.06600487874721
816,241.61524679368998,37.022736205712704
817,241.9054785915941,37.05876658849879
818,241.81526996566052,37.18578971258584
819,241.86136286600816,37.07777107938622
820,241.8621495897301,37.11600295209621
821,241.4655325535258,37.09986204802299
822,241.61821522676243,36.86837285443952
823,242.90186360966433,37.158559250836696
824,241.32457229127593,36.977436187853094
825,241.69529824246155,36.992605581736136
826,241.89940224683826,37.131581459808984
827,241.54547302554445,36.844729063078816
828,242.11730515194202,37.25643461274182
829,242.20380174069257,37.258716524222564
830,242.12762177089485,37.134054126209456
831,241.7127805055865,36.64809018364735
832,242.02591312346246,36.72878702689898
833,242.41242210746714,37.29636068411813
834,241.90115969350117,36.738943195268355
835,241.5971943728329,37.09546650816844
836,241.53496179314322,37.10026804874027
837,241.73852326169597,37.08746085286181
838,241.39395077034618,36.9411094248402
839,241.62817493365634,37.07078389956147
840,241.70647480059273,36.49410415255991
841,241.32811896810864,37.001667613656245
842,241.9432107842715,37.16189057348021
843,242.09558894729028,37.1215163385726
844,241.8467602109913,37.03877431729362
845,242.2077093977843,37.00972588312973
846,242.13418906840386,36.787436753800016
847,241.9196539544313,36.68508655953424
848,241.77484820241196,37.01967593846822
849,241.74537627074005,37.14579955168675
850,241.93772862156777,36.393126885567526
851,241.71871306255383,37.11662901300452
852,242.1689302313457,37.19276668554878
853,242.00505502135124,37.09581540074933
854,242.08380316276168,37.28043178163408
855,241.31791024231964,36.57075122727625
856,241.89847906044005,36.62908714993308
857,241.58351337121454,37.091846886676386
858,241.4858209380471,36.96022111398877
859,242.15440973918513,37.21575745961215
860,241.71422514837482,37.08428240719096
861,241.3271816287764,36.9366775224369
862,241.2780355993236,36.96864894199623
863,241.89922740735196,37.12508956333258
864,241.31355879715443,36.791425156628215
865,242.09021633605593,36.85904702927916
866,242.22213516852577,36.710476353453345
867,241.99317585378486,37.04838667585932
868,242.0855985228887,37.198131551633715
869,241.97364622556609,37.14801858017104
870,241.77112943057625,36.7573365887543
871,241.87271752670551,36.92149781849076
872,242.0118723091162,37.02164777672933
873,241.52640619831098,36.94542939883319
874,241.42122848694993,35.44423504339401
875,241.70274087948582,37.055971665692965
876,241.97370241162236,37.03000073982128
877,241.57733047960514,37.03827316004569
878,241.54321732367228,37.012496492938794
879,242.20910628576607,37.00845427217265
880,241.28043227530867,36.98451809790654
881,242.38607834664487,37.239643873951714
882,242.7104690487161,37.36592800252441
883,241.67668058768007,37.011882070037856
884,241.68607706080434,37.04665989675119
885,241.66590907679793,36.80300716434482
886,241.60357646034103,37.045920827703405
887,241.76526703637012,36.690418865565924
888,241.67889880743044,37.03565857553261
889,241.89406926255165,37.13529911241799
890,242.31191899309775,37.26899034520878
891,241.4064727791009,37.026546872644445
892,242.08486436723285,37.17756916439058
893,241.8640143714694,37.022468708018536
894,241.85864873789248,37.15983331679657
895,242.00139836170206,36.875920399263705
896,241.37109682339658,36.832984375402475
897,241.9501266620756,37.07362490162546
898,241.62670494785527,37.05006775815928
899,241.34651912357793,36.9933257771794
900,242.0226505767226,37.22614185539142
901,241.38845317961122,36.94402298382143
902,241.3936766470094,36.88065853304213
903,241.9877557665078,36.82932927707156
904,241.50579137839094,36.846311434854265
905,241.15850544677502,36.62841459633853
906,242.09150218467337,36.7729939753067
907,241.8551899547677,36.353113108249076
908,241.48265337316033,36.90372255926928
909,241.78637563781373,36.25002460237431
910,241.49078540664476,36.098915610628765
911,241.9136229226183,36.912957219786385
912,242.3355321145565,37.12932735400515
913,241.611881390743,37.006517025823214
914,241.18249204545293,36.86876598316574
915,241.6804697435892,36.998597912251974
916,241.87441941296603,37.110281600942194
917,241.9063433751298,36.83043097338836
918,241.38240950685253,37.0886840910801
919,241.31044398984923,36.73014102003067
920,242.0837394793146,36.81292978771175
921,241.57562970227906,37.058446795537975
922,241.6389076250179,37.099134667001465
923,241.85242600125653,36.987740550874484
924,241.66791751576832,37.127500438401505
925,241.8207647976572,36.91401327273084
926,241.75868900040058,37.12674320389773
927,241.92706590284376,37.15490122900738
928,241.7649409457925,36.71776592523731
929,241.8500069797521,36.866557371962664
930,242.05026782330867,37.030078088669946
931,241.44635754280304,36.57140161051024
932,241.98842540333683,37.219653414960135
933,241.4968110499162,37.03957669429051
934,241.29503427914264,36.97014507934163
935,241.61621414609507,37.0682518201012
936,242.0681143397399,37.18535709170187
937,241.87907951239532,37.135289489196666
938,242.3227282914291,37.14945385902475
939,241.74223851509527,37.11155560964939
940,242.22538344684062,37.10656178659202
941,241.40547258359297,35.59942449849756
942,241.6213783100053,37.043821964671864
943,241.5626696352946,37.00720984262437
944,242.1717381044123,37.223950421249704
945,241.81707743683515,37.144736981758456
946,242.2986512956664,37.31568096020153
947,241.2648295728926,36.9418992892491
948,241.81424274151064,36.89912885157415
949,241.69662892518377,36.60006852531769
950,241.76301161372822,37.12904557220607
951,241.68071464285345,36.88084768266475
952,242.1358289884182,37.12451119063159
953,241.87617668592944,37.0056887031454
954,241.74271272074373,37.06171292517167
955,241.73159012008878,36.814219935382575
956,241.50471207325398,36.573836670019524
957,241.85232088837972,37.17610078076304
958,242.18451544673243,37.207299966035656
959,241.356345269223,36.7819586967973
960,241.94023631486422,37.16319247220102
961,241.73838437059348,36.80615216752493
962,241.82967463535908,37.201023872155424
963,241.37814311391938,36.75789780759976
964,241.20274341179342,36.68667467804368
965,241.55176208350912,36.783935342163076
966,241.31671193068627,37.04839768187832
967,242.32601309285383,37.11773383165072
968,241.71106674921427,37.118037536598756
969,241.58252673042702,36.91213501188597
970,241.93501128750512,37.15909859549838
971,242.284678024746,37.09393098740488
972,242.02304261639264,37.12837091587887
973,241.72377803440656,37.096764209628645
974,241.19422844779575,36.60807907510397
975,241.18680422012218,36.94960239201295
976,242.02236847244185,36.90373536926262
977,241.30090064032555,36.79734567473014
978,241.92573658174072,37.14042445176649
979,241.95754631411168,37.12716164054478
980,242.10877447053394,36.59314446737705
981,241.4755204208178,36.29542725488021
982,241.51475131525837,37.10229938723793
983,241.559816091269,36.788729157061724
984,241.06323579184075,36.71120897185778
985,241.583691986213,36.62682538850061
986,241.88392494368867,37.10552810091028
987,241.66722956177523,37.06934042690619
988,241.49055253818153,36.694834334808924
989,242.07764675658672,37.13429010676336
990,241.53002692682068,36.963446173943105
991,242.01691051045447,36.93165826221737
992,241.45794497482063,37.07006566852191
993,241.73388550477782,37.113023057446426
994,241.84466425341344,36.85925306436804
995,241.39284362762925,36.689003490746025
996,241.95075060593774,37.09495332265023
997,241.48475422647132,36.716668518340335
998,241.82680739933966,36.8989945793764
999,241.9242471415848,37.15235738173518
1000,241.69284747208314,37.11252678206928
